verlag von Β. (11011101 in Leipzig und Ber ι

Das 1110111111 110 1110111113. Lessing, (100110. 11011111,11111101
Vier 1111111110 101 W. Dilthey. 2. 11111030. [VII 114111] :
1907. geh. Aa 1.-, in 1101111011 gob. 01( (1.-

1 110111111111111111,111111111111111111
worin 110 11101101. 1110 11101 1130111101 (1011101 110111131 und (1001101 0110111011
10110 10110 1111110 010110 10111111113, wie 110 1101111110 Psyche 01101 11011111
- Η11101111. 11101111010110111101101110110111011, 110 01111 01111101, 110, 1110
Β11101 (1101011100111, 11011011 0101 8011111111, 11011 110 30111130 1111101111το 01101 ς1 ι
2011301010 mit 1101 1010111111301. Ε10110 10111 1110 111011 101 111111011101101 (11111
101111111011113 111 11010 1111113111011 101 11 110 11010 1111110110 1111301101 ³
110 111111101ᾱο 3111113 101 Βο111101 (1010111101 01101011. 8010110 1111131 10101101
mehr als 110 1101101 Bottelsuppon 101 1110111113010111011101, 110 in 110111011011 ·- 1
310101Ρ111111111 11101, 111 110110110111301 1101031111101, 110111111010201110 ι

30113 111“ (1111111111 v

11101010310 111 1011111011113. 1011110110 1110101. [VI 11411
gr. 8. 1906. 3011.111-,111011110113010111-

1111 Β1011 111111 111 in 110 111110111οῙ1 101 7011111011113. 11101 10·
1103113011 111 1110101111311011101 spurt 01 11011 111 1011111011 110 101 1110130117
101111110111011 in 1111111301, 1010111301110111.

7110111 11111 101 1111111113 101101130101301 0111111011, 1111 1111110101
Ε111101101 101110111110101, 10110 80100110 111 1111111113,110101111111311011, 1011 1111
111101101111101. Andere Ahnchnitte 1011111011 11010110111301, 110 8111101
1101113011131 111 (1011111101οη 111101011111111111 111 10111110111101010111130,
1100110110110111131111101101 1111111111 1101101, 1111101101 (1010110110 1117011111οὴ1
Ε111010110111Κ111101 111 111 1111101 1111111011 1111011 111 ’101113011130 01130111
8011101110111101101 (110 81011, 1111031· 111 Ηο011101111101011011111011.

111011 111 1113111111. Von Professor Dr. Κο11 11101101. 1111111.
ἱιὲἓᾶηὲἓιὲοἰῌέΙέ-[Χ 1411 8.] gr. 8. 1902. 3011.Λ(1.-,1111

‚‚. . ,1)10 1111130 (1011011110 1113011011 (1011110101, 11010110 110111 111 11000 0101
1111011101( 101 in 101 31010110101 111011 01111110101 111011011111101101 111113011011
111010111011, 1011011 110 11011 1111 110 (1010111011 101 1011111111301 111 10113101101
(1101111011 11101101 110110110111130101 211111011113101 1111011 111 1111111111 ⁴
11011113 110101 1011, 11111 11101111011011 1011 1011111101 1101101101 11011 111111 10101
11111111 1011, 111 01 ihr einen wertvollen Βο11113 11 01101 1101110 301101011 hat, 110
110 01111101 (10111110 in 1110111 armen 11011010110101 1011111011, 1111111011 11110
101 101 1011101101 30011011113, 110111 111 10110110111101110111101311110, 10111011 0
1111113110101, 111 80111111 111 wrm 111 10303101101 (101010111110.“

((1. 1. 111011 in 101 11011130 11113011. Α

1110 1101011111οο 11 1101011 111 Rom. Αο1110111130101Ρ10101
111. Κ. Β11111. 1111111030. [111111] gr. 8. 1903.. :
A 1.-,1110111011301 Aa (1.-

1101 Β1011110101 110 01110 1110110111110110 111 011110101110 Βο111111113 11

1111 110 (1010110110 101 mensohliohen (1111101 10 10101101101 2011. Aue 1110111301

10101111301 101 hebens, 801111301011101110 und Politik, Κ1111 111 1111101101111,101ι

ξ 31010111113111 (1011113. Die 11111111113 111 11101101 111 111 smne 101 11110110
101 1101111111001011 30111101. Ι

ι 111111111110111111111111111111111111

110 1111011110110 111111 101 110101110101 110101111100 111 211111011113 mit 101 ι

, geschichte, von 101110 1111111313 111, zu 1031011011, 111 10111111 0111101111(οἨοῗοἱ ÷

1 11 00 0 1

.'. „Im engeten 110111 110111 11011 110 3011113110 *11011 111, 11111 mm 111111- = ¹·
ς· 1113010110111111111111110 11. 11111101,0101111111111 &¹³⁸2

 

